3471,52
3471,51
3471,50
3471,49
3471,48
3471,47
3471,46
3471,45
3471,44
3471,43
3471,42
3471,41
3471,40
3471,39
3471,38
3471,37
3471,36
0,502
0,243
3480,5
3480,4
3480,3
3480,2
3480,1
3480,0
3479,4
3479,3
3479,2
3479,1
3479,0
3478,4
3478,3
3478,2
3478,1
3478,0
3477,5
3477,4
3477,3
3477,2
3477,1
3477,0
3476,4
3476,3
3476,2
3476,1
3476,0
14,12
14,2
14,0
0,278
3475,5
3475,4
3475,3
3475,2
3475,1
3475,0
0,501
0,412
3474,3
3474,2
3474,1
3474,0
3473,3
3473,2
3473,1
3473,0
3472,3
3472,2
0,365
3472,1
3472,0
3471,35
46,4
46,3
46,1
44,3
44,1
43,3
43,1
42,3
42,1
40,3
40,1
39,3
39,1
38,3
38,1
36,3
36,1
35,3
35,1
34,3
34,1
33,4
33,3
33,1
32,3
32,1
31,3
31,1
30,3
30,1
29,3
29,1
28,3
28,1
20,3
20,2
20,1
19,3
19,2
19,1
12,3
12,2
12,1
18,1
18,3
11,3
11,2
11,1
